Player = game:GetService("Players").LocalPlayer
Character = Player.Character
PlayerGui = Player.PlayerGui
Backpack = Player.Backpack
Torso = Character.Torso
Head = Character.Head
Humanoid = Character.Humanoid
LeftArm = Character["Left Arm"]
LeftLeg = Character["Left Leg"]
RightArm = Character["Right Arm"]
RightLeg = Character["Right Leg"]
local HBill = Instance.new("BillboardGui", Head)
local HMain, HBarBack, HBar = Instance.new("Frame", HBill), Instance.new("Frame"), Instance.new("Frame")
local HHealth, HName = Instance.new("TextLabel", HBarBack), Instance.new("TextLabel")
HBill.Size = UDim2.new(15,0,2.2,0)
HBill.Name = "Health Display"
HBill.StudsOffset = Vector3.new(0,4,0)
HBill.AlwaysOnTop = true
HBill.Enabled=true
HMain.BackgroundColor3 = Color3.new(0, 0, 0)
HMain.BackgroundTransparency = 0.6
HMain.Size = UDim2.new(1,0,1,0)
HBarBack.Parent = HMain
HBarBack.BackgroundColor3 = Color3.new(0,0,0)
HBarBack.BorderColor3 = Color3.new(0,0,0)
HBarBack.BorderSizePixel = 2
HBarBack.Position = UDim2.new(.025, 0, .55, 0)
HBarBack.Size = UDim2.new(.95, 0, .3, 0)
HBar.Parent = HBarBack
HBar.BackgroundColor3 = Color3.new(0, 1, 0)
HBar.BorderColor3 = Color3.new(0,0,0)
HBar.Size = UDim2.new(.5,0,1,0)
HHealth.BackgroundTransparency = 1
HHealth.Size = UDim2.new(1,0,1,0)
HHealth.Font = "SourceSans"
HHealth.Text = "[10/10]"
HHealth.TextScaled = true
HHealth.TextColor3 = Color3.new(255, 255, 255)
HHealth.TextStrokeColor3 = Color3.new(85/255, 0, 127/255)
HHealth.TextStrokeTransparency = 0
HName.Parent = HMain
HName.BackgroundTransparency = 1
HName.Size = UDim2.new(1,0,.5,0)
HName.Font = "SourceSansItalic"
HName.Text = "Memory Leaker v2.9, Good Luck to ur Garbage Collector"
HName.TextScaled = true
HName.TextColor3 = BrickColor.new("Hot pink").Color
HName.TextStrokeColor3 = Color3.new(0,0,0)
HName.TextStrokeTransparency = 0
HName.TextYAlignment = "Top"

local Player = game.Players.localPlayer
local Character = Player.Character
local Humanoid = Character.Humanoid
local mouse = Player:GetMouse()
local m = Instance.new("Model", Character)
m.Name = "WeaponModel"
local LeftArm = Character["Left Arm"]
local RightArm = Character["Right Arm"]
local LeftLeg = Character["Left Leg"]
local RightLeg = Character["Right Leg"]
local Head = Character.Head
local Torso = Character.Torso


FloatPart = function()
	local Part = Instance.new('Part',Torso)
	Part.CFrame = CFrame.new(Torso.CFrame.X,workspace.Base.CFrame.Y+1,Torso.CFrame.Z) * CFrame.fromEulerAnglesXYZ(86.4,0,87)
	Part.Anchored = true
	Part.Material = 'Neon'
	Part.CanCollide = false
	Part.BrickColor = BrickColor.new(PrimaryColor)
	local Mesh = Instance.new('SpecialMesh',Part)
	Mesh.Scale = Vector3.new(4,4,.2)
	Mesh.MeshId = 'http://www.roblox.com/asset/?id=3270017'
	Mesh.VertexColor = Vector3.new(0,170,255)
	spawn(function()
		for i = 1,30 do
			Mesh.Scale = Mesh.Scale + Vector3.new(.04,.04,0)
			Part.Transparency = Part.Transparency + .035
			game["Run Service"].RenderStepped:wait()
		end
		Part:Destroy()
	end)
end;

DubPart = function()
	local Part = Instance.new('Part',Torso)
	Part.CFrame = CFrame.new(Torso.CFrame.X,workspace.Base.CFrame.Y+1,Torso.CFrame.Z) * CFrame.fromEulerAnglesXYZ(86.4,0,87)
	Part.Anchored = true
	Part.CanCollide = false
	Part.Material = 'Neon'
	Part.BrickColor = BrickColor.new(SecondaryColor)
	local Mesh = Instance.new('SpecialMesh',Part)
	Mesh.Scale = Vector3.new(7,7,.2)
	Mesh.MeshId = 'http://www.roblox.com/asset/?id=3270017'
	Mesh.VertexColor = Vector3.new(0,170,255)
	spawn(function()
		for i = 1,30 do
			Mesh.Scale = Mesh.Scale + Vector3.new(.04,.04,0)
			Part.Transparency = Part.Transparency + .035
			game["Run Service"].RenderStepped:wait()
		end
		Part:Destroy()
	end)
end;

Fade = function(Item,t)
	spawn(function()
		for i = 1,20 do
			Item.Transparency = Item.Transparency + .05
			if t then
				wait(t)
			else 
				wait()
			end
		end
		Item:Destroy()
	end)
end

Particle = function(PrimaryColor)
	local Part = Instance.new('Part',Torso)
	Part.BrickColor = BrickColor.new(PrimaryColor)
	Part.Anchored = true
	Part.Transparency = .3
	Part.CanCollide = false
	Part.CFrame = Torso.CFrame * CFrame.new(math.random(-10,10),math.random(-15,15),math.random(-10,10)) * CFrame.fromEulerAnglesXYZ(math.random(),math.random(),math.random())
	local Mesh = Instance.new('BlockMesh',Part)
	Mesh.Scale = Vector3.new(.05,.1,.1)
	spawn(function()
		for i = 1,40 do
			Part.Transparency = Part.Transparency + .0125
			Part.CFrame = Part.CFrame * CFrame.new(0,-.07,0)
			game["Run Service"].RenderStepped:wait()
		end
		Part:Destroy()
	end)
end;

--[[spawn(function()
	while wait() do
		wait(.05)
		FloatPart()
		wait(.08)
		FloatPart()
		wait(.05)
		DubPart()
		wait(.08)
	end
end)]]

game["Run Service"].RenderStepped:connect(function(_)
	Particle("Salmon")
	Particle("Carnation pink")
        Particle("Institutional White")
	--Character['HumanoidRootPart'].C1 = Character['HumanoidRootPart'].C1 * CFrame.new(0,Height+math.sin(tick())/150,0)
end)



particle = function(parent, col1, col2, lightemis, size, texture, transparency, zoffset, accel, drag, ltp, velinher, emisdir, enabled, lifetime, rate, rotation, rotspeed, speed, velspread)
  local fp = it("ParticleEmitter")
  fp.Parent = parent
  fp.Color = cs(col1, col2)
  fp.LightEmission = lightemis
  fp.Size = size
  fp.Texture = texture
  fp.Transparency = transparency
  fp.ZOffset = zoffset
  fp.Acceleration = accel
  fp.Drag = drag
  fp.LockedToPart = ltp
  fp.VelocityInheritance = velinher
  fp.EmissionDirection = emisdir
  fp.Enabled = enabled
  fp.Lifetime = lifetime
  fp.Rate = rate
  fp.Rotation = rotation
  fp.RotSpeed = rotspeed
  fp.Speed = speed
  fp.VelocitySpread = velspread
  return fp
end
Player=game:GetService('Players').LocalPlayer
local p = game.Players.LocalPlayer
local char = p.Character
local mouse = p:GetMouse()
local larm = char["Left Arm"]
local rarm = char["Right Arm"]
local lleg = char["Left Leg"]
local rleg = char["Right Leg"]
local hed = char.Head
local torso = char.Torso
local hum = char.Humanoid
local cam = game.Workspace.CurrentCamera
local root = char.HumanoidRootPart
local deb = false
local shot = 0
local debris=game:service"Debris"
local l = game:GetService("Lighting")
local rs = game:GetService("RunService").RenderStepped
ptz = {0.8, 0.85, 0.9, 0.95, 1, 1.05, 1.1}
math.randomseed(os.time())
for i,v in pairs(char:children()) do
    if v:IsA("Hat") then
        v:Destroy()
    end
end
for i,v in pairs (hed:GetChildren()) do
        if v:IsA("Sound") then
                v:Destroy()
        end
end
----------------------------------------------------
Debounces = {
CanAttack = true;
NoIdl = false;
Slashing = false;
Slashed = false;
RPunch = false;
RPunched = false;
LPunch = false;
LPunched = false;
}
local Touche = {char.Name, }
----------------------------------------------------
hed.face.Texture = ""
char["Body Colors"].HeadColor = BrickColor.new("Lily white")
char["Body Colors"].TorsoColor = BrickColor.new("Lily white")
char["Body Colors"].LeftArmColor = BrickColor.new("Lily white")
char["Body Colors"].RightArmColor = BrickColor.new("Lily white")
char["Body Colors"].RightLegColor = BrickColor.new("Lily white")
char["Body Colors"].LeftLegColor = BrickColor.new("Lily white")
----------------------------------------------------
ypcall(function()
char.Shirt:Destroy()
char.Pants:Destroy()
shirt = Instance.new("Shirt", char)
shirt.Name = "Shirt"
pants = Instance.new("Pants", char)
pants.Name = "Pants"
char.Shirt.ShirtTemplate = "http://www.roblox.com/asset/?id=0"
char.Pants.PantsTemplate = "http://www.roblox.com/asset/?id=0"
end)
----------------------------------------------------
function lerp(a, b, t) -- Linear interpolation
        return a + (b - a)*t
end

function slerp(a, b, t) --Spherical interpolation
        dot = a:Dot(b)
        if dot > 0.99999 or dot < -0.99999 then
                return t <= 0.5 and a or b
        else
                r = math.acos(dot)
                return (a*math.sin((1 - t)*r) + b*math.sin(t*r)) / math.sin(r)
        end
end

function matrixInterpolate(a, b, t)
        local ax, ay, az, a00, a01, a02, a10, a11, a12, a20, a21, a22 = a:components()
        local bx, by, bz, b00, b01, b02, b10, b11, b12, b20, b21, b22 = b:components()
        local v0 = lerp(Vector3.new(ax, ay, az), Vector3.new(bx , by , bz), t) -- Position
        local v1 = slerp(Vector3.new(a00, a01, a02), Vector3.new(b00, b01, b02), t) -- Vector  right
        local v2 = slerp(Vector3.new(a10, a11, a12), Vector3.new(b10, b11, b12), t) -- Vector  up
        local v3 = slerp(Vector3.new(a20, a21, a22), Vector3.new(b20, b21, b22), t) -- Vector  back
        local t = v1:Dot(v2)
        if not (t < 0 or t == 0 or t > 0) then         -- Failsafe
                return CFrame.new()
        end
        return CFrame.new(
        v0.x, v0.y, v0.z,
        v1.x, v1.y, v1.z,
        v2.x, v2.y, v2.z,
        v3.x, v3.y, v3.z)
end
----------------------------------------------------
function genWeld(a,b)
    local w = Instance.new("Weld",a)
    w.Part0 = a
    w.Part1 = b
    return w
end
function weld(a, b)
    local weld = Instance.new("Weld")
    weld.Name = "W"
    weld.Part0 = a
    weld.Part1 = b
    weld.C0 = a.CFrame:inverse() * b.CFrame
    weld.Parent = a
    return weld;
end
----------------------------------------------------
function Lerp(c1,c2,al)
local com1 = {c1.X,c1.Y,c1.Z,c1:toEulerAnglesXYZ()}
local com2 = {c2.X,c2.Y,c2.Z,c2:toEulerAnglesXYZ()}
for i,v in pairs(com1) do
com1[i] = v+(com2[i]-v)*al
end
return CFrame.new(com1[1],com1[2],com1[3]) * CFrame.Angles(select(4,unpack(com1)))
end
----------------------------------------------------
newWeld = function(wp0, wp1, wc0x, wc0y, wc0z)
local wld = Instance.new("Weld", wp1)
wld.Part0 = wp0
wld.Part1 = wp1
wld.C0 = CFrame.new(wc0x, wc0y, wc0z)
end
----------------------------------------------------
function weld5(part0, part1, c0, c1)
    weeld=Instance.new("Weld", part0)
    weeld.Part0=part0
    weeld.Part1=part1
    weeld.C0=c0
    weeld.C1=c1
    return weeld
end
----------------------------------------------------
function HasntTouched(plrname)
local ret = true
for _, v in pairs(Touche) do
if v == plrname then
ret = false
end
end
return ret
end
----------------------------------------------------
newWeld(torso, larm, -1.5, 0.5, 0)
larm.Weld.C1 = CFrame.new(0, 0.5, 0)
newWeld(torso, rarm, 1.5, 0.5, 0)
rarm.Weld.C1 = CFrame.new(0, 0.5, 0)
newWeld(torso, hed, 0, 1.5, 0)
newWeld(torso, lleg, -0.5, -1, 0)
lleg.Weld.C1 = CFrame.new(0, 1, 0)
newWeld(torso, rleg, 0.5, -1, 0)
rleg.Weld.C1 = CFrame.new(0, 1, 0)
newWeld(root, torso, 0, -1, 0)
torso.Weld.C1 = CFrame.new(0, -1, 0)
----------------------------------------------------
z = Instance.new("Sound", char)
z.SoundId = "rbxassetid://177510410"--303570180
z.Looped = true
z.Pitch = 1.0
z.Volume = 6
wait(.1)
z:Play()
----------------------------------------------------
local Transforming = true
hum.WalkSpeed = 50
local fx = Instance.new("Part",torso)
fx.Anchored = true
fx.Material = "Neon"
fx.CanCollide = false
fx.Locked = true
fx.Transparency = 1
fx.Material = "Neon"
fx.Size = Vector3.new(1,1,1)
fx.TopSurface = "SmoothNoOutlines"
fx.BottomSurface = "SmoothNoOutlines"
fx.BrickColor = BrickColor.new("Magenta")
fxm = Instance.new("SpecialMesh",fx)
fxm.MeshType = "Sphere"
fxm.Scale = Vector3.new(2,2,2)
for i = 1, 20 do rs:wait()
        fx.Transparency = fx.Transparency - (1/20)
        fx.CFrame = torso.CFrame
        fxm.Scale = fxm.Scale + Vector3.new(1,2000,1)
        rs:wait()
end
---------------------------------------------------
local player = game.Players.LocalPlayer
repeat
  wait()
until player.Character
local rs = game:GetService("RunService").RenderStepped
local char = player.Character
local HRP = char.HumanoidRootPart
local Head = char.Head
local tents = {}
getValue = function(p, x)
  
  return p[2] + 0.5 * x * (p[3] - p[1] + x * (2 * p[1] - 5 * p[2] + 4 * p[3] - p[4] + x * (3 * (p[2] - p[3]) + p[4] - p[1])))
end

getV3Cubic = function(tabl, perc)
  
  local x, y, z = {}, {}, {}
  if perc >= 2 then
    perc = perc % 1
    for i = 3, 6 do
      table.insert(x, tabl[i].x)
      table.insert(y, tabl[i].y)
      table.insert(z, tabl[i].z)
    end
	local X, Y, Z = getValue(x, perc), getValue(y, perc), getValue(z, perc)
    return Vector3.new(X, Y, Z)
  else
    do
      if perc >= 1 then
        perc = perc % 1
        for i = 2, 5 do
          table.insert(x, tabl[i].x)
          table.insert(y, tabl[i].y)
          table.insert(z, tabl[i].z)
        end
		local X, Y, Z = getValue(x, perc), getValue(y, perc), getValue(z, perc)
        return Vector3.new(X, Y, Z)
      else
        do
          for i = 1, 4 do
            table.insert(x, tabl[i].x)
            table.insert(y, tabl[i].y)
            table.insert(z, tabl[i].z)
          end
          do
            local X, Y, Z = getValue(x, perc), getValue(y, perc), getValue(z, perc)
            return Vector3.new(X, Y, Z)
          end
        end
      end
    end
  end
end

local rainbow = {"Magenta", "Magenta", "Magenta", "Magenta", "Magenta", "Magenta", "Magenta", "Magenta", "Magenta"}
local rainbowCount = 1
local isRainbow = true
for i = 0, 4 do
  local m = Instance.new("Model", char)
  m.Name = "Tentac00l"
  local parts = {}
  local lastpart = Head
  local defC0 = nil
  rainbowCount = 1
  for j = 0, 8 do
    local sizex = 0.25 - 0.2 * (j / 8)
    local sizey = 1.875 - 1.125 * (j / 8)
    local p = Instance.new("Part")
    p.Size = Vector3.new(0.2, 0.2, 0.2)
    p.BrickColor = BrickColor.new("Magenta")
    p.TopSurface = 0
    p.BottomSurface = 0
    p.CanCollide = false
    p.Material = "SmoothPlastic"
    p.TopSurface = 0
    p.BottomSurface = 0
    local mesh = Instance.new("CylinderMesh", p)
    mesh.Name = "CyMesh"
    mesh.Scale = Vector3.new(sizex, sizey, sizex) * 5
    p.Parent = m
    local p2 = p:Clone()
    p2.Parent = m
    p2.CyMesh.Scale = p2.CyMesh.Scale + Vector3.new(0.075, 0.001, 0.075) * 5
    p2.Material = "Neon"
    if isRainbow then
      p2.BrickColor = BrickColor.new(tostring(rainbow[rainbowCount]))
    else
      p2.BrickColor = BrickColor.new(j % 2 == 1 and "Toothpaste" or "Electric blue")
    end
    rainbowCount = rainbowCount + 1
    p2.Transparency = 0.35
    local w2 = Instance.new("Weld", p)
    w2.Parent = p2
    w2.Part0 = p
    w2.Part1 = p2
    local w = Instance.new("Weld", p)
    w.Parent = p
    w.Part0 = lastpart
    w.Part1 = p
    if i % 2 ~= 0 or not 96 then
      do
        w.C0 = CFrame.Angles(0, math.rad(-10 + 200 * i / 4), math.rad(-30 + (j or 70))) * CFrame.new(0, 0.6, 0)
        w.C1 = CFrame.new(0, -0.125, 0)
        defC0 = w.C0
        w.C0 = CFrame.new(0, mesh.Scale.y / 10, 0)
        w.C1 = CFrame.new(0, -sizey / 2, 0)
        table.insert(parts, {p, w, p2})
	lastpart = p
        rs:wait()
        -- DECOMPILER ERROR at PC262: LeaveBlock: unexpected jumping out IF_THEN_STMT

        -- DECOMPILER ERROR at PC262: LeaveBlock: unexpected jumping out IF_STMT

      end
    end
  end
  local randoms = {Vector3.new(0, 0, 0), Vector3.new(math.random(-28, 28) / 100, math.random(-42, 42) / 100, math.random(-28, 28) / 100), Vector3.new(math.random(-28, 28) / 100, math.random(-42, 42) / 100, math.random(-28, 28) / 100), Vector3.new(math.random(-28, 28) / 100, math.random(-42, 42) / 100, math.random(-28, 28) / 100), Vector3.new(math.random(-28, 28) / 100, math.random(-42, 42) / 100, math.random(-28, 28) / 100), Vector3.new(math.random(-28, 28) / 100, math.random(-42, 42) / 100, math.random(-28, 28) / 100)}
  table.insert(tents, {0, randoms, parts, defC0})
end
player.Chatted:connect(function(msg)
  
  if string.sub(msg:lower(), 1, 4) == "col/" then
    for i,v in pairs(tents) do
      for j,o in pairs(v[3]) do
        o[3].BrickColor = BrickColor.new(string.sub(msg, 5))
      end
    end
  else
    do
      if string.sub(msg:lower(), 1, 7) == "/e col/" then
        for i,v in pairs(tents) do
          for j,o in pairs(v[3]) do
            o[3].BrickColor = BrickColor.new(string.sub(msg, 8))
          end
        end
      end
    end
  end
end
)
rs:connect(function()
  
  for i,v in pairs(tents) do
    v[1] = v[1] % 200 + 1
    if v[1] == 1 then
      v[2][1] = v[2][2]
      v[2][2] = v[2][3]
      v[2][3] = v[2][4]
      v[2][4] = v[2][5]
      v[2][5] = v[2][6]
      v[2][6] = Vector3.new(math.random(-28, 28) / 100, math.random(-42, 42) / 100, math.random(-28, 28) / 100)
    end
    local p0 = v[2][1]
    local p1 = v[2][2]
    local p2 = v[2][3]
    local p3 = v[2][4]
    local p4 = v[2][5]
    local p5 = v[2][6]
    local arr = {p0, p1, p2, p3, p4, p5}
    local dir = i % 2 == 0 and 1 or -1
    for j,V in pairs(v[3]) do
      local val = math.sin(math.pi / 2 * 2 * ((v[1] + 100 * j / #v[3] * dir) % 100 / 100))
      local off = getV3Cubic(arr, (v[1] + 340 * (j / #v[3])) / 200)
      V[3].Transparency = 0.12 + val * 0.65
      if j == 1 then
        V[2].C0 = v[4] * CFrame.Angles(off.x * 2, off.y * 2, off.z * 2)
      else
        V[2].C0 = CFrame.new(0, V[2].C0.y, 0) * CFrame.Angles(off.x * 2 * (1 + 0.75 * (j / #v[3])), off.y * 2 * (1 + 0.75 * (j / #v[3])), off.z * 2 * (1 + 0.75 * (j / #v[3])))
      end
    end
  end
end
)
----------------------------------------------------
Player=game:GetService('Players').LocalPlayer
	Character=Player.Character
	Mouse=Player:GetMouse()
	m=Instance.new('Model',Character)


	local function weldBetween(a, b)
	    local weldd = Instance.new("ManualWeld")
	    weldd.Part0 = a
	    weldd.Part1 = b
	    weldd.C0 = CFrame.new()
	    weldd.C1 = b.CFrame:inverse() * a.CFrame
	    weldd.Parent = a
	    return weldd
	end
	
	it=Instance.new
	
	function nooutline(part)
		part.TopSurface,part.BottomSurface,part.LeftSurface,part.RightSurface,part.FrontSurface,part.BackSurface = 10,10,10,10,10,10
	end
	
	function part(formfactor,parent,material,reflectance,transparency,brickcolor,name,size)
		local fp=it("Part")
		fp.formFactor=formfactor
		fp.Parent=parent
		fp.Reflectance=reflectance
		fp.Transparency=transparency
		fp.CanCollide=false
		fp.Locked=true
		fp.BrickColor=BrickColor.new(tostring(brickcolor))
		fp.Name=name
		fp.Size=size
		fp.Position=Character.Torso.Position
		nooutline(fp)
		fp.Material=material
		fp:BreakJoints()
		return fp
	end
	
	function mesh(Mesh,part,meshtype,meshid,offset,scale)
		local mesh=it(Mesh)
		mesh.Parent=part
		if Mesh=="SpecialMesh" then
			mesh.MeshType=meshtype
			mesh.MeshId=meshid
		end
		mesh.Offset=offset
		mesh.Scale=scale
		return mesh
	end
	
	function weld(parent,part0,part1,c0,c1)
		local weld=it("Weld")
		weld.Parent=parent
		weld.Part0=part0
		weld.Part1=part1
		weld.C0=c0
		weld.C1=c1
		return weld
	end


Orb2=part(Enum.FormFactor.Brick,m,Enum.Material.Neon,0,0,"Institutional white","Handle",Vector3.new(0.887265563, 0.887265563, 0.887265563))
Orb2weld=weld(m,Character["Left Arm"],Orb2,CFrame.new(0, 0, 0, 1, 0, 0, 0, 1, 0, 0, 0, 1),CFrame.new(-0.502059937, 0.355368137, 1.71773267, -0.44424206, 0.232894972, -0.865106404, 0.628215313, 0.769424856, -0.115459129, 0.638744593, -0.594764709, -0.488119096))
mesh("SpecialMesh",Orb2,Enum.MeshType.Sphere,"",Vector3.new(0, 0, 0),Vector3.new(0.890794039, 0.890788555, 0.890788138))
Orb=part(Enum.FormFactor.Brick,m,Enum.Material.Neon,0,0.5,"Institutional white","Orb",Vector3.new(1.2214824, 1.2214824, 1.2214824))
Orb.Shape = "Ball"

Player=game:GetService('Players').LocalPlayer
	Character=Player.Character
	Mouse=Player:GetMouse()
	m=Instance.new('Model',Character)


	local function weldBetween(a, b)
	    local weldd = Instance.new("ManualWeld")
	    weldd.Part0 = a
	    weldd.Part1 = b
	    weldd.C0 = CFrame.new()
	    weldd.C1 = b.CFrame:inverse() * a.CFrame
	    weldd.Parent = a
	    return weldd
	end
	
	it=Instance.new
	
	function nooutline(part)
		part.TopSurface,part.BottomSurface,part.LeftSurface,part.RightSurface,part.FrontSurface,part.BackSurface = 10,10,10,10,10,10
	end
	
	function part(formfactor,parent,material,reflectance,transparency,brickcolor,name,size)
		local fp=it("Part")
		fp.formFactor=formfactor
		fp.Parent=parent
		fp.Reflectance=reflectance
		fp.Transparency=transparency
		fp.CanCollide=false
		fp.Locked=true
		fp.BrickColor=BrickColor.new(tostring(brickcolor))
		fp.Name=name
		fp.Size=size
		fp.Position=Character.Torso.Position
		nooutline(fp)
		fp.Material=material
		fp:BreakJoints()
		return fp
	end
	
	function mesh(Mesh,part,meshtype,meshid,offset,scale)
		local mesh=it(Mesh)
		mesh.Parent=part
		if Mesh=="SpecialMesh" then
			mesh.MeshType=meshtype
			mesh.MeshId=meshid
		end
		mesh.Offset=offset
		mesh.Scale=scale
		return mesh
	end
	
	function weld(parent,part0,part1,c0,c1)
		local weld=it("Weld")
		weld.Parent=parent
		weld.Part0=part0
		weld.Part1=part1
		weld.C0=c0
		weld.C1=c1
		return weld
	end

Orb3=part(Enum.FormFactor.Brick,m,Enum.Material.Neon,0,0,"Magenta","Handle",Vector3.new(0.887265563, 0.887265563, 0.887265563))
Orb3weld=weld(m,Character["Right Arm"],Orb3,CFrame.new(0, 0, 0, 1, 0, 0, 0, 1, 0, 0, 0, 1),CFrame.new(0.0678920746, -0.688210368, 1.24336052, -0.703631341, 0.00967200287, 0.710499585, -0.236187309, 0.939869761, -0.246698543, -0.670163155, -0.341395736, -0.659037471))
mesh("SpecialMesh",Orb3,Enum.MeshType.Sphere,"",Vector3.new(0, 0, 0),Vector3.new(0.890794039, 0.890788555, 0.890788138))
Orb=part(Enum.FormFactor.Brick,m,Enum.Material.Neon,0,0.5,"Magenta","Orb",Vector3.new(1.2214824, 1.2214824, 1.2214824))
Orbweld=weld(m,Orb3,Orb,CFrame.new(0, 0, 0, 1, 0, 0, 0, 1, 0, 0, 0, 1),CFrame.new(0, 0, 0, 1.00000012, 1.49011612e-008, 0, 1.49011612e-008, 1, 0, 0, 0, 1))
mesh("SpecialMesh",Orb,Enum.MeshType.Sphere,"",Vector3.new(0, 0, 0),Vector3.new(0.890794039, 0.890788555, 0.890788138))
Part=part(Enum.FormFactor.Brick,m,Enum.Material.Slate,0,0,"Magenta","Part",Vector3.new(0.887265563, 0.887265265, 0.887265563))
Partweld=weld(m,Orb3,Part,CFrame.new(0, 0, 0, 1, 0, 0, 0, 1, 0, 0, 0, 1),CFrame.new(0.0143494606, -1.25856304, 0.329597473, 1.00000012, 1.49011612e-008, 0, 0, 0.923942626, -0.382531196, 0, 0.382531166, 0.923942626))
mesh("BlockMesh",Part,"","",Vector3.new(0, 0, 0),Vector3.new(0.161962539, 0.615454078, 0.793611169))
Part=part(Enum.FormFactor.Brick,m,Enum.Material.Slate,0,0,"Magenta","Part",Vector3.new(0.887265563, 0.887265265, 0.887265563))
Partweld=weld(m,Orb3,Part,CFrame.new(0, 0, 0, 1, 0, 0, 0, 1, 0, 0, 0, 1),CFrame.new(0.0143055916, -0.777040958, -1.45310402, 1.00000012, 1.49011612e-008, 0, 0, 0.923905969, -0.382619679, 2.98023224e-008, 0.382619619, 0.923905969))
mesh("BlockMesh",Part,"","",Vector3.new(0, 0, 0),Vector3.new(0.161962584, 0.145765424, 0.372511417))
Part=part(Enum.FormFactor.Brick,m,Enum.Material.Slate,0,0,"Magenta","Part",Vector3.new(0.887265563, 0.887265265, 1.29332566))
Partweld=weld(m,Orb3,Part,CFrame.new(0, 0, 0, 1, 0, 0, 0, 1, 0, 0, 0, 1),CFrame.new(0.0143642426, 1.01071525, 0.32174015, 1.00000012, 1.49011612e-008, 0, 1.86264515e-009, 0.923876107, -0.382691681, 0, 0.382691681, 0.923876166))
mesh("BlockMesh",Part,"","",Vector3.new(0, 0, 0),Vector3.new(0.161962584, 0.16196157, 1))
Part=part(Enum.FormFactor.Brick,m,Enum.Material.Slate,0,0,"Magenta","Part",Vector3.new(0.887265563, 0.887265265, 0.887265563))
Partweld=weld(m,Orb3,Part,CFrame.new(0, 0, 0, 1, 0, 0, 0, 1, 0, 0, 0, 1),CFrame.new(0.014380455, -0.705107212, -0.73434639, 1.00000012, 1.49011612e-008, 0, 1.86264515e-009, 0.923850656, -0.382753313, 0, 0.382753313, 0.923850656))
mesh("BlockMesh",Part,"","",Vector3.new(0, 0, 0),Vector3.new(0.161962584, 0.307727039, 0.3077268))
Part=part(Enum.FormFactor.Brick,m,Enum.Material.Slate,0,0,"Magenta","Part",Vector3.new(0.887265563, 0.887265265, 0.887265563))
Partweld=weld(m,Orb3,Part,CFrame.new(0, 0, 0, 1, 0, 0, 0, 1, 0, 0, 0, 1),CFrame.new(0.0144486427, -0.138548374, 1.73012638, 1.00000012, 1.49011612e-008, 0, 1.86264515e-009, 0.923772991, -0.38294062, 0, 0.38294059, 0.92377305))
mesh("BlockMesh",Part,"","",Vector3.new(0, 0, 0),Vector3.new(0.161962539, 0.453492314, 0.583061278))
Part=part(Enum.FormFactor.Brick,m,Enum.Material.Slate,0,0,"Magenta","Part",Vector3.new(0.887265563, 0.887265265, 0.887265563))
Partweld=weld(m,Orb3,Part,CFrame.new(0, 0, 0, 1, 0, 0, 0, 1, 0, 0, 0, 1),CFrame.new(0.01440382, -0.769747734, 0.573980331, 1.00000012, 1.49011612e-008, 0, 1.86264515e-009, 0.923933685, -0.382552862, -2.98023224e-008, 0.382552892, 0.923933744))
mesh("BlockMesh",Part,"","",Vector3.new(0, 0, 0),Vector3.new(0.161962584, 0.16196157, 0.242942229))
Part=part(Enum.FormFactor.Brick,m,Enum.Material.Slate,0,0,"Magenta","Part",Vector3.new(0.887265563, 0.887265265, 0.887265563))
Partweld=weld(m,Orb3,Part,CFrame.new(0, 0, 0, 1, 0, 0, 0, 1, 0, 0, 0, 1),CFrame.new(0.0144219398, -0.733915329, 0.825391769, 1.00000012, 1.49011612e-008, 0, 0, 0.92392379, -0.382576406, 0, 0.382576406, 0.92392385))
mesh("BlockMesh",Part,"","",Vector3.new(0, 0, 0),Vector3.new(0.161962584, 0.242942333, 0.323922902))
Part=part(Enum.FormFactor.Brick,m,Enum.Material.Slate,0,0,"Magenta","Part",Vector3.new(0.887265563, 0.887265265, 0.887265563))
Partweld=weld(m,Orb3,Part,CFrame.new(0, 0, 0, 1, 0, 0, 0, 1, 0, 0, 0, 1),CFrame.new(0.014424324, -1.38064384, -0.353040695, 1.00000012, 1.49011612e-008, 0, 1.86264515e-009, 0.923933685, -0.382552862, -2.98023224e-008, 0.382552892, 0.923933744))
mesh("BlockMesh",Part,"","",Vector3.new(0, 0, 0),Vector3.new(0.161962584, 0.890788734, 0.745022833))
Part=part(Enum.FormFactor.Brick,m,Enum.Material.Slate,0,0,"Magenta","Part",Vector3.new(0.887265563, 0.887265265, 0.887265563))
Partweld=weld(m,Orb3,Part,CFrame.new(0, 0, 0, 1, 0, 0, 0, 1, 0, 0, 0, 1),CFrame.new(0.0143566132, -1.12842798, -0.970887184, 1.00000012, 1.49011612e-008, 0, -1.86264515e-009, 0.923998177, -0.382396936, -2.98023224e-008, 0.382396907, 0.923998117))
mesh("BlockMesh",Part,"","",Vector3.new(0, 0, 0),Vector3.new(0.161962584, 0.3239232, 0.323922902))
Part=part(Enum.FormFactor.Brick,m,Enum.Material.Slate,0,0,"Magenta","Part",Vector3.new(0.887265563, 0.887265265, 1.25021493))
Partweld=weld(m,Orb3,Part,CFrame.new(0, 0, 0, 1, 0, 0, 0, 1, 0, 0, 0, 1),CFrame.new(0.0144233704, 1.14006543, 2.09680176, 1.00000012, 1.49011612e-008, 0, -1.86264515e-009, 0.923719823, -0.383068979, 5.96046448e-008, 0.383068949, 0.923719764))
mesh("BlockMesh",Part,"","",Vector3.new(0, 0, 0),Vector3.new(0.161962539, 0.906984746, 1))
Part=part(Enum.FormFactor.Brick,m,Enum.Material.Slate,0,0,"Magenta","Part",Vector3.new(0.887265563, 0.887265265, 0.887265563))
Partweld=weld(m,Orb3,Part,CFrame.new(0, 0, 0, 1, 0, 0, 0, 1, 0, 0, 0, 1),CFrame.new(0.0144305229, -0.583024979, -1.07998466, 1.00000012, 1.49011612e-008, 0, 0, 0.923861682, -0.382726401, -2.98023224e-008, 0.382726401, 0.923861742))
mesh("BlockMesh",Part,"","",Vector3.new(0, 0, 0),Vector3.new(0.161962584, 0.583061755, 0.469688207))
Part=part(Enum.FormFactor.Brick,m,Enum.Material.Slate,0,0,"Magenta","Part",Vector3.new(0.887265563, 0.887265265, 0.887265563))
Partweld=weld(m,Orb3,Part,CFrame.new(0, 0, 0, 1, 0, 0, 0, 1, 0, 0, 0, 1),CFrame.new(0.0144481659, 0.825361252, 0.8253479, 1.00000012, 1.49011612e-008, 0, 0, 0.923942626, -0.382531196, 0, 0.382531166, 0.923942626))
mesh("BlockMesh",Part,"","",Vector3.new(0, 0, 0),Vector3.new(0.161962539, 0.259138525, 0.323922902))
Part=part(Enum.FormFactor.Brick,m,Enum.Material.Slate,0,0,"Magenta","Part",Vector3.new(0.887265563, 0.887265265, 0.887265563))
Partweld=weld(m,Orb3,Part,CFrame.new(0, 0, 0, 1, 0, 0, 0, 1, 0, 0, 0, 1),CFrame.new(0.0143418312, 0.86701417, 0.573102951, 1.00000012, 1.49011612e-008, 0, 3.7252903e-009, 0.923902094, -0.382628798, -2.98023224e-008, 0.382628769, 0.923902154))
mesh("BlockMesh",Part,"","",Vector3.new(0, 0, 0),Vector3.new(0.161962584, 0.16196157, 0.242942229))
Part=part(Enum.FormFactor.Brick,m,Enum.Material.Slate,0,0,"Magenta","Part",Vector3.new(0.887265563, 0.887265265, 0.887265563))
Partweld=weld(m,Orb3,Part,CFrame.new(0, 0, 0, 1, 0, 0, 0, 1, 0, 0, 0, 1),CFrame.new(0.0144238472, 0.400093079, 1.79470062, 1.00000012, 1.49011612e-008, 0, 1.86264515e-009, 0.923721433, -0.383065045, 2.98023224e-008, 0.383065045, 0.923721433))
mesh("BlockMesh",Part,"","",Vector3.new(0, 0, 0),Vector3.new(0.161962539, 0.761219323, 0.728826642))
Part=part(Enum.FormFactor.Brick,m,Enum.Material.Slate,0,0,"Magenta","Part",Vector3.new(0.887265563, 0.887265265, 2.58665133))
Partweld=weld(m,Orb3,Part,CFrame.new(0, 0, 0, 1, 0, 0, 0, 1, 0, 0, 0, 1),CFrame.new(0.0143995285, -0.913483143, -0.324422836, 1.00000012, 1.49011612e-008, 0, 1.86264515e-009, 0.923933685, -0.382552862, -2.98023224e-008, 0.382552892, 0.923933744))
mesh("BlockMesh",Part,"","",Vector3.new(0, 0, 0),Vector3.new(0.161962584, 0.16196157, 1))
Part=part(Enum.FormFactor.Brick,m,Enum.Material.Slate,0,0,"Magenta","Part",Vector3.new(0.887265563, 0.887265265, 0.887265563))
Partweld=weld(m,Orb3,Part,CFrame.new(0, 0, 0, 1, 0, 0, 0, 1, 0, 0, 0, 1),CFrame.new(0.0143547058, -0.541141033, 1.62947273, 1.00000012, 1.49011612e-008, 0, -1.86264515e-009, 0.923827887, -0.382808328, -5.96046448e-008, 0.382808298, 0.923827887))
mesh("BlockMesh",Part,"","",Vector3.new(0, 0, 0),Vector3.new(0.161962539, 0.453492463, 0.356315255))
Part=part(Enum.FormFactor.Brick,m,Enum.Material.Slate,0,0,"Magenta","Part",Vector3.new(0.887265563, 2.06932139, 0.887265563))
Partweld=weld(m,Orb3,Part,CFrame.new(0, 0, 0, 1, 0, 0, 0, 1, 0, 0, 0, 1),CFrame.new(0.0144166946, 0.0481677055, 1.21985817, 1.00000012, 1.49011612e-008, 0, -1.86264515e-009, 0.923881888, -0.382678002, 0, 0.382677972, 0.923881888))
mesh("BlockMesh",Part,"","",Vector3.new(0, 0, 0),Vector3.new(0.161962584, 1, 0.566865087))
Part=part(Enum.FormFactor.Brick,m,Enum.Material.Slate,0,0,"Magenta","Part",Vector3.new(0.887265563, 0.887265265, 0.887265563))
Partweld=weld(m,Orb3,Part,CFrame.new(0, 0, 0, 1, 0, 0, 0, 1, 0, 0, 0, 1),CFrame.new(0.0143070221, -1.2364192, -0.755374908, 1.00000012, 1.49011612e-008, 0, 1.86264515e-009, 0.923951864, -0.382508934, 2.98023224e-008, 0.382508904, 0.923951805))
mesh("BlockMesh",Part,"","",Vector3.new(0, 0, 0),Vector3.new(0.161962584, 0.566865504, 0.161961451))
Part=part(Enum.FormFactor.Brick,m,Enum.Material.Slate,0,0,"Magenta","Part",Vector3.new(0.887265563, 0.887265265, 0.887265563))
Partweld=weld(m,Orb3,Part,CFrame.new(0, 0, 0, 1, 0, 0, 0, 1, 0, 0, 0, 1),CFrame.new(0.0143699646, -0.769845009, -0.475525856, 1.00000012, 1.49011612e-008, 0, 1.86264515e-009, 0.923891902, -0.382653743, -2.98023224e-008, 0.382653683, 0.923891902))
mesh("BlockMesh",Part,"","",Vector3.new(0, 0, 0),Vector3.new(0.161962584, 0.16196157, 0.275334477))
Part=part(Enum.FormFactor.Brick,m,Enum.Material.Slate,0,0,"Magenta","Part",Vector3.new(0.887265563, 1.33643687, 0.887265563))
Partweld=weld(m,Orb3,Part,CFrame.new(0, 0, 0, 1, 0, 0, 0, 1, 0, 0, 0, 1),CFrame.new(0.0143666267, 0.0422482491, 0.896986008, 1.00000012, 1.49011612e-008, 0, 0, 0.923899233, -0.38263604, 0, 0.382636011, 0.923899233))
mesh("BlockMesh",Part,"","",Vector3.new(0, 0, 0),Vector3.new(0.161962584, 1, 0.161961451))
Part=part(Enum.FormFactor.Brick,m,Enum.Material.Slate,0,0,"Magenta","Part",Vector3.new(0.887265563, 0.887265265, 0.887265563))
Partweld=weld(m,Orb3,Part,CFrame.new(0, 0, 0, 1, 0, 0, 0, 1, 0, 0, 0, 1),CFrame.new(0.0143237114, 1.7868042, 2.95180702, 1.00000012, 1.49011612e-008, 0, -1.86264515e-009, 0.923719823, -0.383068979, 5.96046448e-008, 0.383068949, 0.923719764))
mesh("BlockMesh",Part,"","",Vector3.new(0, 0, 0),Vector3.new(0.161962584, 0.550669432, 0.842199624))
Wedge=part(Enum.FormFactor.Brick,m,Enum.Material.Slate,0,0,"Magenta","Wedge",Vector3.new(0.887265563, 0.887265265, 0.887265563))
Wedgeweld=weld(m,Orb3,Wedge,CFrame.new(0, 0, 0, 1, 0, 0, 0, 1, 0, 0, 0, 1),CFrame.new(0.0143613815, -0.970600128, 1.38010454, 1.00000012, 1.49011612e-008, 0, 0, 0.382407755, 0.923993766, 1.86264515e-009, -0.923993766, 0.382407755))
mesh("SpecialMesh",Wedge,Enum.MeshType.Wedge,"",Vector3.new(0, 0, 0),Vector3.new(0.161962584, 0.3239232, 0.242942229))
Wedge=part(Enum.FormFactor.Brick,m,Enum.Material.Slate,0,0,"Magenta","Wedge",Vector3.new(0.887265563, 0.887265265, 0.887265563))
Wedgeweld=weld(m,Orb3,Wedge,CFrame.new(0, 0, 0, 1, 0, 0, 0, 1, 0, 0, 0, 1),CFrame.new(-0.0143671036, 0.867209196, -0.314229965, -1.00000012, -1.49011612e-008, 0, 0, 0.923979223, -0.382442802, 0, -0.382442772, -0.923979282))
mesh("SpecialMesh",Wedge,Enum.MeshType.Wedge,"",Vector3.new(0, 0, 0),Vector3.new(0.161962584, 0.16196163, 0.340119064))
Wedge=part(Enum.FormFactor.Brick,m,Enum.Material.Slate,0,0,"Magenta","Wedge",Vector3.new(0.887265563, 0.887265265, 0.887265563))
Wedgeweld=weld(m,Orb3,Wedge,CFrame.new(0, 0, 0, 1, 0, 0, 0, 1, 0, 0, 0, 1),CFrame.new(0.0143041611, 0.76987648, -0.315297127, 1.00000012, 1.49011612e-008, 0, -1.86264515e-009, -0.923951864, 0.382508934, -2.98023224e-008, -0.382508904, -0.923951805))
mesh("SpecialMesh",Wedge,Enum.MeshType.Wedge,"",Vector3.new(0, 0, 0),Vector3.new(0.161962584, 0.16196157, 0.340119064))
Wedge=part(Enum.FormFactor.Brick,m,Enum.Material.Slate,0,0,"Magenta","Wedge",Vector3.new(0.887265563, 0.887265265, 0.887265563))
Wedgeweld=weld(m,Orb3,Wedge,CFrame.new(0, 0, 0, 1, 0, 0, 0, 1, 0, 0, 0, 1),CFrame.new(0.0141844749, -0.540944099, 1.8880825, 1.00000012, 1.49011612e-008, 0, 0, 0.923842251, -0.382773578, 0, 0.382773548, 0.923842311))
mesh("SpecialMesh",Wedge,Enum.MeshType.Wedge,"",Vector3.new(0, 0, 0),Vector3.new(0.161962584, 0.453492463, 0.226746053))
Wedge=part(Enum.FormFactor.Brick,m,Enum.Material.Slate,0,0,"Magenta","Wedge",Vector3.new(0.887265563, 0.887265265, 0.887265563))
Wedgeweld=weld(m,Orb3,Wedge,CFrame.new(0, 0, 0, 1, 0, 0, 0, 1, 0, 0, 0, 1),CFrame.new(-0.0142354965, 0.769865513, -0.0939617157, -1.00000012, -1.49011612e-008, 0, 1.86264515e-009, -0.923998177, 0.382396936, -2.98023224e-008, 0.382396907, 0.923998117))
mesh("SpecialMesh",Wedge,Enum.MeshType.Wedge,"",Vector3.new(0, 0, 0),Vector3.new(0.161962584, 0.16196157, 0.583061278))
Wedge=part(Enum.FormFactor.Brick,m,Enum.Material.Slate,0,0,"Magenta","Wedge",Vector3.new(0.887265563, 0.887265265, 0.887265563))
Wedgeweld=weld(m,Orb3,Wedge,CFrame.new(0, 0, 0, 1, 0, 0, 0, 1, 0, 0, 0, 1),CFrame.new(0.0143609047, -1.25842857, 1.07650948, 1.00000012, 1.49011612e-008, 0, 1.86264515e-009, 0.923933685, -0.382552862, -2.98023224e-008, 0.382552892, 0.923933744))
mesh("SpecialMesh",Wedge,Enum.MeshType.Wedge,"",Vector3.new(0, 0, 0),Vector3.new(0.161962584, 0.615454078, 0.890788138))
Wedge=part(Enum.FormFactor.Brick,m,Enum.Material.Slate,0,0,"Magenta","Wedge",Vector3.new(0.887265563, 0.887265265, 0.887265563))
Wedgeweld=weld(m,Orb3,Wedge,CFrame.new(0, 0, 0, 1, 0, 0, 0, 1, 0, 0, 0, 1),CFrame.new(0.0143790245, -1.65408182, 0.329648972, 1, -9.68575478e-007, -2.71201134e-006, -1.24797225e-007, 0.923948586, -0.382516891, 2.86102295e-006, 0.382516801, 0.923948526))
mesh("SpecialMesh",Wedge,Enum.MeshType.Wedge,"",Vector3.new(0, 0, 0),Vector3.new(0.161962584, 0.275334716, 0.793611169))
Wedge=part(Enum.FormFactor.Brick,m,Enum.Material.Slate,0,0,"Magenta","Wedge",Vector3.new(0.887265563, 0.887265265, 0.887265563))
Wedgeweld=weld(m,Orb3,Wedge,CFrame.new(0, 0, 0, 1, 0, 0, 0, 1, 0, 0, 0, 1),CFrame.new(-0.0144429207, 0.633457184, -0.475393295, -1.00000012, -1.49011612e-008, 0, 0, -0.923926353, 0.382570535, 0, 0.382570565, 0.923926353))
mesh("SpecialMesh",Wedge,Enum.MeshType.Wedge,"",Vector3.new(0, 0, 0),Vector3.new(0.161962539, 0.145765424, 0.275334477))
Wedge=part(Enum.FormFactor.Brick,m,Enum.Material.Slate,0,0,"Magenta","Wedge",Vector3.new(0.887265563, 0.887265265, 0.887265563))
Wedgeweld=weld(m,Orb3,Wedge,CFrame.new(0, 0, 0, 1, 0, 0, 0, 1, 0, 0, 0, 1),CFrame.new(-0.0142507553, 0.446650028, -0.734584808, -1.00000012, -1.49011612e-008, 0, 0, -0.923942626, 0.382531196, 0, 0.382531166, 0.923942626))
mesh("SpecialMesh",Wedge,Enum.MeshType.Wedge,"",Vector3.new(0, 0, 0),Vector3.new(0.161962539, 0.275334716, 0.3077268))
Wedge=part(Enum.FormFactor.Brick,m,Enum.Material.Slate,0,0,"Magenta","Wedge",Vector3.new(0.887265563, 1.79628587, 0.887265563))
Wedgeweld=weld(m,Orb3,Wedge,CFrame.new(0, 0, 0, 1, 0, 0, 0, 1, 0, 0, 0, 1),CFrame.new(-0.0143270493, 0.57338047, 1.31251836, -1.00000012, -1.49011612e-008, 0, 2.98023224e-008, 0.383064389, 0.92372179, 0, 0.923721671, -0.383064389))
mesh("SpecialMesh",Wedge,Enum.MeshType.Wedge,"",Vector3.new(0, 0, 0),Vector3.new(0.161962584, 1, 0.518276632))
Wedge=part(Enum.FormFactor.Brick,m,Enum.Material.Slate,0,0,"Magenta","Wedge",Vector3.new(0.887265563, 0.887265265, 0.887265563))
Wedgeweld=weld(m,Orb3,Wedge,CFrame.new(0, 0, 0, 1, 0, 0, 0, 1, 0, 0, 0, 1),CFrame.new(0.0146727562, -1.36502552, 1.12885427, 1.00000012, 1.49011612e-008, 0, 0, 0.382083118, 0.924128056, 0, -0.924127996, 0.382083118))
mesh("SpecialMesh",Wedge,Enum.MeshType.Wedge,"",Vector3.new(0, 0, 0),Vector3.new(0.161962584, 0.566865504, 0.323922902))
Wedge=part(Enum.FormFactor.Brick,m,Enum.Material.Slate,0,0,"Magenta","Wedge",Vector3.new(0.887265563, 0.887265265, 0.887265563))
Wedgeweld=weld(m,Orb3,Wedge,CFrame.new(0, 0, 0, 1, 0, 0, 0, 1, 0, 0, 0, 1),CFrame.new(0.0144696236, 0.467594624, -0.753448486, 1.00000012, 1.49011612e-008, 0, 0, -0.923969984, 0.382465094, -2.98023224e-008, -0.382465065, -0.923969984))
mesh("SpecialMesh",Wedge,Enum.MeshType.Wedge,"",Vector3.new(0, 0, 0),Vector3.new(0.161962584, 0.356315494, 0.161961451))
Wedge=part(Enum.FormFactor.Brick,m,Enum.Material.Slate,0,0,"Magenta","Wedge",Vector3.new(0.887265563, 0.887265265, 0.887265563))
Wedgeweld=weld(m,Orb3,Wedge,CFrame.new(0, 0, 0, 1, 0, 0, 0, 1, 0, 0, 0, 1),CFrame.new(0.014354229, -2.0562439, -0.353294373, 1.00000012, 1.49011612e-008, 0, 1.86264515e-009, 0.923947215, -0.38252008, 0, 0.38252008, 0.923947275))
mesh("SpecialMesh",Wedge,Enum.MeshType.Wedge,"",Vector3.new(0, 0, 0),Vector3.new(0.161962584, 0.631650209, 0.745022833))
Wedge=part(Enum.FormFactor.Brick,m,Enum.Material.Slate,0,0,"Magenta","Wedge",Vector3.new(0.887265563, 0.887265265, 0.887265563))
Wedgeweld=weld(m,Orb3,Wedge,CFrame.new(0, 0, 0, 1, 0, 0, 0, 1, 0, 0, 0, 1),CFrame.new(-0.0143246651, 0.552667618, -0.753526688, -1.00000012, -1.49011612e-008, 0, 0, 0.923969984, -0.382465094, -2.98023224e-008, -0.382465065, -0.923969984))
mesh("SpecialMesh",Wedge,Enum.MeshType.Wedge,"",Vector3.new(0, 0, 0),Vector3.new(0.161962584, 0.356315523, 0.161961451))
Wedge=part(Enum.FormFactor.Brick,m,Enum.Material.Slate,0,0,"Magenta","Wedge",Vector3.new(0.887265563, 0.887265265, 0.887265563))
Wedgeweld=weld(m,Orb3,Wedge,CFrame.new(0, 0, 0, 1, 0, 0, 0, 1, 0, 0, 0, 1),CFrame.new(0.0142321587, 0.399935246, 2.41992378, 1.00000012, 1.49011612e-008, 0, 0, 0.923712194, -0.383087337, 0, 0.383087307, 0.923712134))
mesh("SpecialMesh",Wedge,Enum.MeshType.Wedge,"",Vector3.new(0, 0, 0),Vector3.new(0.161962539, 0.761219621, 0.680238068))
Wedge=part(Enum.FormFactor.Brick,m,Enum.Material.Slate,0,0,"Magenta","Wedge",Vector3.new(0.887265563, 0.887265265, 0.887265563))
Wedgeweld=weld(m,Orb3,Wedge,CFrame.new(0, 0, 0, 1, 0, 0, 0, 1, 0, 0, 0, 1),CFrame.new(-0.0143885612, -0.93530941, -2.05617285, -1.00000012, -1.49011612e-008, 0, 0, 0.382489145, 0.92395997, 0, 0.92396009, -0.382489204))
mesh("SpecialMesh",Wedge,Enum.MeshType.Wedge,"",Vector3.new(0, 0, 0),Vector3.new(0.161962584, 0.566865504, 0.631649613))
Wedge=part(Enum.FormFactor.Brick,m,Enum.Material.Slate,0,0,"Magenta","Wedge",Vector3.new(0.887265563, 0.887265265, 0.887265563))
Wedgeweld=weld(m,Orb3,Wedge,CFrame.new(0, 0, 0, 1, 0, 0, 0, 1, 0, 0, 0, 1),CFrame.new(0.0142798424, -0.755475998, 1.63162708, 1.00000012, 1.49011612e-008, 0, -5.96046448e-008, 0.382526159, 0.923944771, 0, -0.923944652, 0.382526159))
mesh("SpecialMesh",Wedge,Enum.MeshType.Wedge,"",Vector3.new(0, 0, 0),Vector3.new(0.161962584, 0.16196157, 0.323922902))
Wedge=part(Enum.FormFactor.Brick,m,Enum.Material.Slate,0,0,"Magenta","Wedge",Vector3.new(0.887265563, 0.887265265, 0.887265563))
Wedgeweld=weld(m,Orb3,Wedge,CFrame.new(0, 0, 0, 1, 0, 0, 0, 1, 0, 0, 0, 1),CFrame.new(-0.0143070221, 0.573734283, -0.66204977, -1.00000012, -1.49011612e-008, 0, 2.98023224e-008, 0.382705569, 0.923870444, 3.7252903e-009, 0.923870444, -0.382705599))
mesh("SpecialMesh",Wedge,Enum.MeshType.Wedge,"",Vector3.new(0, 0, 0),Vector3.new(0.161962539, 0.242942333, 0.0809807107))
